{
    "delay_ns": 7.14327,
    "wirelength": 47386.0,
    "power_w": 0.02578
}