{
    "delay_ns": 7.46883,
    "wirelength": 50109.0,
    "power_w": 0.02509
}